 0.000355
 0.000447
 0.000455
 0.000389
 0.000416
 0.000386
 0.000437
 0.000381
 0.000474
 0.000383
 0.000423
 0.000483
 0.000423
 0.000493
 0.000525
 0.000414
 0.000489
 0.000435
 0.000490
 0.000487
 0.000430
 0.000431
 0.000478
 0.000632
 0.000470
 0.000477
 0.000429
 0.000391
 0.000503
 0.000395
 0.000403
 0.000441
 0.000435
 0.000385
 0.000449
 0.000433
 0.000421
 0.000640
 0.000477
 0.000398
 0.000419
 0.000441
 0.000440
 0.000428
 0.000485
 0.000457
 0.000444
 0.000525
 0.000455
 0.000432
 0.000494
 0.000425
 0.000439
 0.000437
 0.000439
 0.000425
 0.000392
 0.000433
 0.000437
 0.000474
 0.000498
 0.000450
 0.000449
 0.000428
 0.000456
 0.000418
 0.000424
 0.000423
 0.000436
 0.000540
 0.000538
 0.000462
 0.000493
 0.000438
 0.000450
 0.000465
 0.000471
 0.000504
 0.000380
 0.000413
 0.000386
 0.000513
 0.000461
 0.000426
 0.000545
 0.000415
 0.000480
 0.000458
 0.000428
 0.000387
 0.000516
 0.000433
 0.000370
 0.000444
 0.000430
 0.000521
 0.000422
 0.000402
 0.000463
 0.000506
 0.000398
