 0.000193
 0.000182
 0.000257
 0.000220
 0.000209
 0.000224
 0.000194
 0.000184
 0.000182
 0.000188
 0.000228
 0.000224
 0.000225
 0.000219
 0.000237
 0.000204
 0.000222
 0.000201
 0.000196
 0.000249
 0.000191
 0.000209
 0.000209
 0.000352
 0.000199
 0.000205
 0.000208
 0.000196
 0.000204
 0.000192
 0.000215
 0.000188
 0.000201
 0.000199
 0.000190
 0.000204
 0.000172
 0.000195
 0.000209
 0.000215
 0.000196
 0.000211
 0.000214
 0.000214
 0.000216
 0.000192
 0.000291
 0.000192
 0.000201
 0.000200
 0.000206
 0.000209
 0.000204
 0.000213
 0.000200
 0.000184
 0.000219
 0.000200
 0.000207
 0.000188
 0.000226
 0.000233
 0.000211
 0.000201
 0.000198
 0.000194
 0.000222
 0.000175
 0.000211
 0.000254
 0.000301
 0.000183
 0.000275
 0.000223
 0.000205
 0.000201
 0.000184
 0.000206
 0.000203
 0.000190
 0.000195
 0.000293
 0.000199
 0.000193
 0.000213
 0.000187
 0.000195
 0.000205
 0.000201
 0.000205
 0.000202
 0.000208
 0.000182
 0.000266
 0.000189
 0.000263
 0.000195
 0.000178
 0.000199
 0.000221
 0.000180
