 0.000190
 0.000213
 0.000222
 0.000228
 0.000223
 0.000222
 0.000223
 0.000224
 0.000214
 0.000210
 0.000234
 0.000217
 0.000220
 0.000257
 0.000228
 0.000221
 0.000251
 0.000231
 0.000214
 0.000273
 0.000217
 0.000222
 0.000259
 0.000302
 0.000222
 0.000234
 0.000225
 0.000219
 0.000240
 0.000226
 0.000220
 0.000225
 0.000229
 0.000220
 0.000239
 0.000225
 0.000220
 0.000224
 0.000233
 0.000234
 0.000227
 0.000236
 0.000212
 0.000241
 0.000240
 0.000225
 0.000229
 0.000223
 0.000226
 0.000211
 0.000235
 0.000220
 0.000210
 0.000221
 0.000221
 0.000213
 0.000223
 0.000230
 0.000225
 0.000221
 0.000235
 0.000247
 0.000306
 0.000231
 0.000222
 0.000233
 0.000249
 0.000265
 0.000244
 0.000238
 0.000319
 0.000216
 0.000245
 0.000230
 0.000228
 0.000225
 0.000205
 0.000227
 0.000232
 0.000216
 0.000218
 0.000302
 0.000215
 0.000206
 0.000228
 0.000227
 0.000230
 0.000269
 0.000230
 0.000210
 0.000225
 0.000242
 0.000213
 0.000218
 0.000219
 0.000280
 0.000216
 0.000208
 0.000231
 0.000261
 0.000212
