 0.000232
 0.000253
 0.000247
 0.000261
 0.000252
 0.000263
 0.000250
 0.000251
 0.000254
 0.000249
 0.000257
 0.000254
 0.000248
 0.000273
 0.000301
 0.000265
 0.000290
 0.000260
 0.000252
 0.000384
 0.000249
 0.000247
 0.000274
 0.000322
 0.000251
 0.000253
 0.000253
 0.000250
 0.000258
 0.000254
 0.000260
 0.000270
 0.000261
 0.000251
 0.000270
 0.000252
 0.000249
 0.000249
 0.000324
 0.000258
 0.000257
 0.000266
 0.000251
 0.000257
 0.000273
 0.000259
 0.000273
 0.000253
 0.000247
 0.000261
 0.000255
 0.000251
 0.000291
 0.000256
 0.000253
 0.000255
 0.000252
 0.000252
 0.000258
 0.000249
 0.000322
 0.000271
 0.000287
 0.000261
 0.000260
 0.000261
 0.000277
 0.000281
 0.000275
 0.000276
 0.000352
 0.000248
 0.000325
 0.000251
 0.000256
 0.000257
 0.000234
 0.000331
 0.000246
 0.000246
 0.000246
 0.000338
 0.000249
 0.000244
 0.000247
 0.000248
 0.000252
 0.000275
 0.000252
 0.000244
 0.000256
 0.000262
 0.000242
 0.000259
 0.000253
 0.000306
 0.000363
 0.000246
 0.000255
 0.000298
 0.000256
