 0.000238
 0.000260
 0.000265
 0.000264
 0.000271
 0.000273
 0.000269
 0.000258
 0.000312
 0.000258
 0.000261
 0.000268
 0.000258
 0.000294
 0.000330
 0.000272
 0.000293
 0.000263
 0.000259
 0.000366
 0.000305
 0.000257
 0.000293
 0.000433
 0.000257
 0.000260
 0.000265
 0.000254
 0.000271
 0.000273
 0.000265
 0.000273
 0.000264
 0.000262
 0.000281
 0.000258
 0.000252
 0.000256
 0.000360
 0.000263
 0.000271
 0.000284
 0.000263
 0.000268
 0.000281
 0.000274
 0.000274
 0.000263
 0.000259
 0.000261
 0.000328
 0.000264
 0.000256
 0.000259
 0.000260
 0.000263
 0.000258
 0.000262
 0.000322
 0.000307
 0.000287
 0.000282
 0.000308
 0.000267
 0.000278
 0.000278
 0.000281
 0.000729
 0.000277
 0.000289
 0.000382
 0.000259
 0.000355
 0.000260
 0.000263
 0.000258
 0.000246
 0.000332
 0.000257
 0.000297
 0.000258
 0.000412
 0.000333
 0.000299
 0.000259
 0.000254
 0.000261
 0.000299
 0.000259
 0.000259
 0.000362
 0.000271
 0.000257
 0.000298
 0.000261
 0.000316
 0.000252
 0.000252
 0.000260
 0.000305
 0.000267
