 0.000510
 0.000635
 0.000626
 0.000598
 0.000697
 0.000577
 0.000640
 0.000542
 0.000629
 0.000569
 0.000640
 0.000635
 0.000594
 0.000738
 0.000703
 0.000665
 0.000683
 0.000636
 0.000660
 0.000658
 0.000665
 0.000676
 0.000651
 0.000739
 0.000658
 0.000626
 0.000592
 0.000607
 0.000645
 0.000555
 0.000689
 0.000644
 0.000647
 0.000552
 0.000601
 0.000641
 0.000585
 0.000556
 0.000694
 0.000604
 0.000641
 0.000643
 0.000643
 0.000649
 0.000612
 0.000638
 0.000646
 0.000641
 0.000705
 0.000598
 0.000689
 0.000616
 0.000599
 0.000683
 0.000613
 0.000591
 0.000590
 0.000653
 0.000635
 0.000696
 0.000684
 0.000611
 0.000644
 0.000628
 0.000622
 0.000614
 0.000585
 0.000608
 0.000685
 0.000774
 0.000832
 0.000573
 0.000708
 0.000591
 0.000631
 0.000611
 0.000624
 0.000643
 0.000604
 0.000616
 0.000670
 0.000720
 0.000634
 0.000596
 0.000668
 0.000596
 0.000634
 0.000659
 0.000589
 0.000646
 0.000699
 0.000647
 0.000533
 0.000637
 0.000634
 0.000641
 0.000585
 0.000542
 0.000605
 0.000694
 0.000557
