 0.000200
 0.000226
 0.000214
 0.000233
 0.000237
 0.000231
 0.000231
 0.000220
 0.000221
 0.000232
 0.000215
 0.000230
 0.000220
 0.000242
 0.000257
 0.000240
 0.000257
 0.000231
 0.000229
 0.000286
 0.000220
 0.000228
 0.000242
 0.000291
 0.000224
 0.000222
 0.000229
 0.000223
 0.000243
 0.000265
 0.000238
 0.000242
 0.000234
 0.000227
 0.000243
 0.000232
 0.000218
 0.000227
 0.000236
 0.000237
 0.000229
 0.000240
 0.000234
 0.000233
 0.000246
 0.000232
 0.000239
 0.000236
 0.000230
 0.000239
 0.000228
 0.000231
 0.000228
 0.000229
 0.000235
 0.000232
 0.000231
 0.000229
 0.000237
 0.000225
 0.000254
 0.000247
 0.000283
 0.000236
 0.000274
 0.000272
 0.000253
 0.000632
 0.000244
 0.000267
 0.000312
 0.000223
 0.000270
 0.000227
 0.000224
 0.000224
 0.000219
 0.000239
 0.000224
 0.000214
 0.000223
 0.000311
 0.000231
 0.000220
 0.000222
 0.000219
 0.000223
 0.000273
 0.000218
 0.000220
 0.000231
 0.000236
 0.000222
 0.000253
 0.000235
 0.000285
 0.000220
 0.000223
 0.000229
 0.000265
 0.000229
