 0.000289
 0.000372
 0.000324
 0.000325
 0.000336
 0.000327
 0.000351
 0.000325
 0.000367
 0.000317
 0.000331
 0.000351
 0.000348
 0.000351
 0.000390
 0.000339
 0.000391
 0.000378
 0.000371
 0.000426
 0.000379
 0.000368
 0.000382
 0.000415
 0.000361
 0.000379
 0.000365
 0.000337
 0.000364
 0.000329
 0.000369
 0.000333
 0.000393
 0.000319
 0.000337
 0.000379
 0.000357
 0.000311
 0.000396
 0.000320
 0.000321
 0.000395
 0.000353
 0.000387
 0.000407
 0.000387
 0.000355
 0.000368
 0.000391
 0.000374
 0.000364
 0.000321
 0.000322
 0.000374
 0.000377
 0.000355
 0.000312
 0.000321
 0.000376
 0.000379
 0.000386
 0.000337
 0.000354
 0.000364
 0.000340
 0.000332
 0.000339
 0.000404
 0.000352
 0.000455
 0.000524
 0.000314
 0.000426
 0.000319
 0.000366
 0.000363
 0.000345
 0.000366
 0.000313
 0.000341
 0.000312
 0.000450
 0.000367
 0.000370
 0.000381
 0.000310
 0.000355
 0.000350
 0.000358
 0.000313
 0.000387
 0.000396
 0.000314
 0.000346
 0.000315
 0.000427
 0.000350
 0.000313
 0.000381
 0.000364
 0.000376
