 0.000498
 0.000625
 0.000619
 0.000595
 0.000636
 0.000550
 0.000625
 0.000539
 0.000618
 0.000556
 0.000552
 0.000613
 0.000580
 0.000678
 0.000696
 0.000620
 0.000672
 0.000616
 0.000665
 0.000650
 0.000668
 0.000634
 0.000642
 0.000753
 0.000644
 0.000660
 0.000585
 0.000594
 0.000636
 0.000545
 0.000669
 0.000624
 0.000629
 0.000541
 0.000605
 0.000628
 0.000616
 0.000620
 0.000685
 0.000637
 0.000625
 0.000629
 0.000655
 0.000639
 0.000638
 0.000626
 0.000642
 0.000625
 0.000647
 0.000590
 0.000693
 0.000608
 0.000591
 0.000668
 0.000599
 0.000578
 0.000633
 0.000644
 0.000627
 0.000687
 0.000675
 0.000609
 0.000634
 0.000625
 0.000613
 0.000605
 0.000575
 0.000594
 0.000665
 0.000753
 0.000809
 0.000566
 0.000694
 0.000582
 0.000624
 0.000602
 0.000614
 0.000635
 0.000645
 0.000619
 0.000658
 0.000713
 0.000625
 0.000582
 0.000646
 0.000594
 0.000624
 0.000649
 0.000582
 0.000587
 0.000695
 0.000633
 0.000524
 0.000624
 0.000618
 0.000633
 0.000577
 0.000540
 0.000598
 0.000677
 0.000549
