 0.000466
 0.000593
 0.000584
 0.000561
 0.000599
 0.000571
 0.000593
 0.000533
 0.000630
 0.000515
 0.000525
 0.000581
 0.000590
 0.000638
 0.000655
 0.000612
 0.000643
 0.000585
 0.000581
 0.000617
 0.000597
 0.000554
 0.000656
 0.000717
 0.000614
 0.000588
 0.000554
 0.000561
 0.000642
 0.000513
 0.000567
 0.000593
 0.000603
 0.000511
 0.000595
 0.000594
 0.000547
 0.000593
 0.000663
 0.000565
 0.000589
 0.000598
 0.000597
 0.000608
 0.000571
 0.000588
 0.000597
 0.000592
 0.000613
 0.000560
 0.000669
 0.000577
 0.000606
 0.000634
 0.000568
 0.000544
 0.000546
 0.000610
 0.000592
 0.000620
 0.000617
 0.000561
 0.000621
 0.000568
 0.000584
 0.000581
 0.000542
 0.000567
 0.000639
 0.000733
 0.000738
 0.000534
 0.000669
 0.000549
 0.000604
 0.000574
 0.000583
 0.000601
 0.000566
 0.000563
 0.000541
 0.000678
 0.000590
 0.000565
 0.000611
 0.000521
 0.000589
 0.000597
 0.000550
 0.000552
 0.000652
 0.000600
 0.000501
 0.000580
 0.000552
 0.000603
 0.000564
 0.000517
 0.000566
 0.000645
 0.000517
