 0.000131
 0.000182
 0.000168
 0.000167
 0.000174
 0.000181
 0.000186
 0.000194
 0.000141
 0.000124
 0.000167
 0.000165
 0.000181
 0.000152
 0.000191
 0.000174
 0.000228
 0.000197
 0.000161
 0.000195
 0.000163
 0.000172
 0.000154
 0.000233
 0.000175
 0.000173
 0.000180
 0.000194
 0.000177
 0.000180
 0.000197
 0.000200
 0.000165
 0.000167
 0.000174
 0.000174
 0.000164
 0.000197
 0.000189
 0.000181
 0.000163
 0.000164
 0.000174
 0.000182
 0.000159
 0.000147
 0.000236
 0.000181
 0.000177
 0.000175
 0.000206
 0.000201
 0.000150
 0.000164
 0.000168
 0.000174
 0.000175
 0.000171
 0.000176
 0.000204
 0.000180
 0.000192
 0.000171
 0.000171
 0.000150
 0.000201
 0.000182
 0.000825
 0.000175
 0.000191
 0.000836
 0.000144
 0.000169
 0.000166
 0.000169
 0.000158
 0.000155
 0.000172
 0.000162
 0.000155
 0.000162
 0.000259
 0.000169
 0.000153
 0.000162
 0.000123
 0.000194
 0.000203
 0.000125
 0.000170
 0.000122
 0.000170
 0.000183
 0.000170
 0.000170
 0.000207
 0.000160
 0.000175
 0.000168
 0.000151
 0.000125
