 0.000205
 0.000238
 0.000224
 0.000246
 0.000240
 0.000244
 0.000242
 0.000229
 0.000233
 0.000226
 0.000236
 0.000238
 0.000243
 0.000264
 0.000262
 0.000244
 0.000262
 0.000240
 0.000231
 0.000342
 0.000229
 0.000234
 0.000263
 0.000309
 0.000239
 0.000241
 0.000242
 0.000228
 0.000251
 0.000247
 0.000256
 0.000245
 0.000241
 0.000236
 0.000258
 0.000235
 0.000222
 0.000239
 0.000272
 0.000240
 0.000232
 0.000253
 0.000236
 0.000244
 0.000263
 0.000249
 0.000283
 0.000230
 0.000236
 0.000241
 0.000240
 0.000239
 0.000231
 0.000232
 0.000241
 0.000237
 0.000235
 0.000234
 0.000236
 0.000231
 0.000257
 0.000262
 0.000283
 0.000239
 0.000253
 0.000258
 0.000266
 0.000263
 0.000245
 0.000287
 0.000345
 0.000229
 0.000289
 0.000233
 0.000243
 0.000238
 0.000212
 0.000294
 0.000232
 0.000222
 0.000223
 0.000318
 0.000232
 0.000227
 0.000229
 0.000223
 0.000235
 0.000299
 0.000233
 0.000236
 0.000230
 0.000269
 0.000259
 0.000272
 0.000247
 0.000291
 0.000234
 0.000234
 0.000238
 0.000275
 0.000241
