 0.000473
 0.000602
 0.000593
 0.000573
 0.000605
 0.000508
 0.000601
 0.000555
 0.000597
 0.000539
 0.000527
 0.000598
 0.000557
 0.000645
 0.000666
 0.000582
 0.000648
 0.000592
 0.000590
 0.000625
 0.000647
 0.000561
 0.000619
 0.000734
 0.000622
 0.000631
 0.000562
 0.000569
 0.000610
 0.000559
 0.000582
 0.000613
 0.000602
 0.000518
 0.000570
 0.000615
 0.000559
 0.000540
 0.000663
 0.000575
 0.000609
 0.000605
 0.000608
 0.000672
 0.000580
 0.000597
 0.000604
 0.000599
 0.000620
 0.000566
 0.000636
 0.000585
 0.000565
 0.000642
 0.000565
 0.000552
 0.000562
 0.000618
 0.000628
 0.000755
 0.000623
 0.000582
 0.000647
 0.000632
 0.000589
 0.000577
 0.000550
 0.000605
 0.000643
 0.000735
 0.000772
 0.000541
 0.000705
 0.000557
 0.000602
 0.000583
 0.000595
 0.000611
 0.000610
 0.000571
 0.000592
 0.000686
 0.000603
 0.000574
 0.000662
 0.000569
 0.000602
 0.000623
 0.000557
 0.000560
 0.000690
 0.000608
 0.000503
 0.000595
 0.000576
 0.000611
 0.000552
 0.000512
 0.000614
 0.000687
 0.000564
