 0.000333
 0.000483
 0.000448
 0.000365
 0.000384
 0.000410
 0.000467
 0.000356
 0.000452
 0.000367
 0.000396
 0.000444
 0.000401
 0.000415
 0.000446
 0.000422
 0.000475
 0.000409
 0.000398
 0.000497
 0.000407
 0.000425
 0.000458
 0.000510
 0.000468
 0.000447
 0.000403
 0.000367
 0.000411
 0.000366
 0.000362
 0.000439
 0.000427
 0.000361
 0.000379
 0.000409
 0.000402
 0.000498
 0.000436
 0.000376
 0.000395
 0.000422
 0.000393
 0.000411
 0.000428
 0.000410
 0.000404
 0.000408
 0.000430
 0.000416
 0.000406
 0.000391
 0.000430
 0.000460
 0.000406
 0.000400
 0.000368
 0.000385
 0.000425
 0.000404
 0.000487
 0.000435
 0.000421
 0.000396
 0.000433
 0.000375
 0.000382
 0.000406
 0.000399
 0.000491
 0.000521
 0.000373
 0.000467
 0.000407
 0.000414
 0.000442
 0.000469
 0.000491
 0.000358
 0.000391
 0.000394
 0.000489
 0.000413
 0.000399
 0.000424
 0.000386
 0.000467
 0.000443
 0.000402
 0.000362
 0.000479
 0.000410
 0.000353
 0.000404
 0.000379
 0.000458
 0.000395
 0.000355
 0.000423
 0.000484
 0.000356
