 0.000489
 0.000618
 0.000651
 0.000592
 0.000627
 0.000544
 0.000617
 0.000570
 0.000611
 0.000552
 0.000594
 0.000606
 0.000573
 0.000717
 0.000694
 0.000642
 0.000664
 0.000609
 0.000623
 0.000643
 0.000656
 0.000631
 0.000669
 0.000732
 0.000638
 0.000611
 0.000583
 0.000586
 0.000627
 0.000538
 0.000608
 0.000616
 0.000623
 0.000533
 0.000582
 0.000672
 0.000570
 0.000648
 0.000678
 0.000589
 0.000618
 0.000622
 0.000635
 0.000643
 0.000610
 0.000622
 0.000634
 0.000630
 0.000637
 0.000583
 0.000684
 0.000601
 0.000583
 0.000659
 0.000581
 0.000571
 0.000593
 0.000635
 0.000619
 0.000707
 0.000685
 0.000594
 0.000626
 0.000613
 0.000605
 0.000603
 0.000566
 0.000587
 0.000659
 0.000766
 0.000819
 0.000558
 0.000759
 0.000575
 0.000626
 0.000599
 0.000608
 0.000664
 0.000596
 0.000600
 0.000604
 0.000704
 0.000618
 0.000581
 0.000642
 0.000575
 0.000702
 0.000642
 0.000573
 0.000579
 0.000679
 0.000625
 0.000517
 0.000625
 0.000625
 0.000661
 0.000590
 0.000569
 0.000590
 0.000669
 0.000542
