 0.000122
 0.000154
 0.000163
 0.000156
 0.000179
 0.000162
 0.000155
 0.000126
 0.000141
 0.000157
 0.000170
 0.000155
 0.000147
 0.000155
 0.000146
 0.000128
 0.000151
 0.000158
 0.000148
 0.000165
 0.000152
 0.000129
 0.000184
 0.000230
 0.000161
 0.000163
 0.000167
 0.000124
 0.000164
 0.000169
 0.000185
 0.000158
 0.000114
 0.000160
 0.000165
 0.000129
 0.000154
 0.000129
 0.000152
 0.000204
 0.000162
 0.000164
 0.000133
 0.000170
 0.000151
 0.000147
 0.000172
 0.000133
 0.000133
 0.000163
 0.000131
 0.000161
 0.000152
 0.000159
 0.000164
 0.000130
 0.000133
 0.000163
 0.000167
 0.000124
 0.000133
 0.000157
 0.000167
 0.000212
 0.000153
 0.000160
 0.000174
 0.000134
 0.000166
 0.000154
 0.000208
 0.000151
 0.000201
 0.000187
 0.000196
 0.000192
 0.000109
 0.000165
 0.000175
 0.000150
 0.000154
 0.000208
 0.000165
 0.000173
 0.000129
 0.000185
 0.000169
 0.000194
 0.000174
 0.000161
 0.000157
 0.000161
 0.000149
 0.000164
 0.000167
 0.000230
 0.000149
 0.000145
 0.000158
 0.000197
 0.000135
