 0.000248
 0.000338
 0.000274
 0.000278
 0.000281
 0.000285
 0.000280
 0.000276
 0.000278
 0.000273
 0.000278
 0.000329
 0.000279
 0.000300
 0.000343
 0.000290
 0.000310
 0.000280
 0.000351
 0.000378
 0.000340
 0.000272
 0.000309
 0.000349
 0.000280
 0.000277
 0.000277
 0.000273
 0.000338
 0.000291
 0.000278
 0.000301
 0.000286
 0.000279
 0.000298
 0.000277
 0.000275
 0.000271
 0.000358
 0.000284
 0.000273
 0.000300
 0.000322
 0.000280
 0.000297
 0.000294
 0.000314
 0.000279
 0.000342
 0.000285
 0.000296
 0.000298
 0.000274
 0.000278
 0.000276
 0.000277
 0.000273
 0.000285
 0.000345
 0.000348
 0.000323
 0.000296
 0.000314
 0.000338
 0.000295
 0.000293
 0.000300
 0.000765
 0.000301
 0.000318
 0.000404
 0.000273
 0.000404
 0.000278
 0.000294
 0.000285
 0.000304
 0.000299
 0.000270
 0.000270
 0.000272
 0.000376
 0.000333
 0.000337
 0.000337
 0.000280
 0.000276
 0.000304
 0.000279
 0.000275
 0.000334
 0.000288
 0.000264
 0.000305
 0.000279
 0.000329
 0.000310
 0.000268
 0.000275
 0.000323
 0.000273
