 0.000242
 0.000217
 0.000196
 0.000234
 0.000213
 0.000237
 0.000218
 0.000211
 0.000206
 0.000204
 0.000206
 0.000208
 0.000213
 0.000225
 0.000246
 0.000210
 0.000244
 0.000234
 0.000207
 0.000267
 0.000203
 0.000207
 0.000236
 0.000270
 0.000211
 0.000207
 0.000211
 0.000211
 0.000265
 0.000228
 0.000220
 0.000217
 0.000239
 0.000207
 0.000234
 0.000210
 0.000194
 0.000208
 0.000222
 0.000217
 0.000196
 0.000233
 0.000209
 0.000218
 0.000240
 0.000213
 0.000237
 0.000214
 0.000211
 0.000211
 0.000211
 0.000210
 0.000218
 0.000207
 0.000229
 0.000220
 0.000203
 0.000209
 0.000217
 0.000208
 0.000244
 0.000225
 0.000211
 0.000220
 0.000226
 0.000221
 0.000227
 0.000681
 0.000272
 0.000235
 0.000292
 0.000211
 0.000237
 0.000203
 0.000204
 0.000233
 0.000187
 0.000220
 0.000206
 0.000211
 0.000196
 0.000291
 0.000222
 0.000211
 0.000198
 0.000199
 0.000207
 0.000242
 0.000228
 0.000216
 0.000219
 0.000238
 0.000205
 0.000228
 0.000224
 0.000257
 0.000212
 0.000215
 0.000208
 0.000241
 0.000216
