 0.000379
 0.000521
 0.000484
 0.000457
 0.000515
 0.000411
 0.000495
 0.000405
 0.000486
 0.000405
 0.000428
 0.000486
 0.000454
 0.000482
 0.000562
 0.000461
 0.000523
 0.000502
 0.000516
 0.000515
 0.000505
 0.000459
 0.000513
 0.000565
 0.000535
 0.000496
 0.000457
 0.000479
 0.000517
 0.000417
 0.000428
 0.000463
 0.000461
 0.000409
 0.000455
 0.000551
 0.000447
 0.000588
 0.000526
 0.000473
 0.000568
 0.000472
 0.000487
 0.000489
 0.000477
 0.000499
 0.000486
 0.000472
 0.000494
 0.000488
 0.000523
 0.000461
 0.000461
 0.000499
 0.000463
 0.000449
 0.000411
 0.000455
 0.000463
 0.000511
 0.000515
 0.000468
 0.000476
 0.000451
 0.000479
 0.000539
 0.000455
 0.000717
 0.000466
 0.000560
 0.000592
 0.000439
 0.000516
 0.000573
 0.000494
 0.000521
 0.000492
 0.000510
 0.000448
 0.000466
 0.000618
 0.000541
 0.000528
 0.000450
 0.000496
 0.000402
 0.000494
 0.000482
 0.000453
 0.000410
 0.000530
 0.000536
 0.000396
 0.000490
 0.000476
 0.000506
 0.000450
 0.000463
 0.000517
 0.000509
 0.000417
