 0.000278
 0.000351
 0.000390
 0.000313
 0.000324
 0.000320
 0.000346
 0.000308
 0.000357
 0.000308
 0.000313
 0.000349
 0.000354
 0.000344
 0.000395
 0.000331
 0.000421
 0.000377
 0.000363
 0.000416
 0.000365
 0.000363
 0.000376
 0.000398
 0.000305
 0.000344
 0.000337
 0.000318
 0.000374
 0.000316
 0.000309
 0.000328
 0.000394
 0.000323
 0.000353
 0.000342
 0.000364
 0.000303
 0.000382
 0.000361
 0.000310
 0.000327
 0.000344
 0.000350
 0.000377
 0.000337
 0.000335
 0.000352
 0.000389
 0.000352
 0.000363
 0.000319
 0.000311
 0.000365
 0.000421
 0.000342
 0.000347
 0.000314
 0.000351
 0.000360
 0.000373
 0.000330
 0.000344
 0.000342
 0.000333
 0.000327
 0.000333
 0.000374
 0.000334
 0.000395
 0.000441
 0.000309
 0.000394
 0.000391
 0.000355
 0.000393
 0.000331
 0.000370
 0.000329
 0.000334
 0.000310
 0.000445
 0.000360
 0.000338
 0.000378
 0.000304
 0.000348
 0.000388
 0.000347
 0.000305
 0.000390
 0.000318
 0.000306
 0.000348
 0.000307
 0.000359
 0.000333
 0.000305
 0.000306
 0.000356
 0.000312
