 0.000341
 0.000419
 0.000452
 0.000462
 0.000437
 0.000384
 0.000436
 0.000373
 0.000452
 0.000405
 0.000407
 0.000445
 0.000465
 0.000445
 0.000463
 0.000452
 0.000489
 0.000424
 0.000415
 0.000503
 0.000425
 0.000424
 0.000512
 0.000521
 0.000519
 0.000466
 0.000419
 0.000466
 0.000426
 0.000387
 0.000393
 0.000436
 0.000429
 0.000377
 0.000395
 0.000420
 0.000413
 0.000453
 0.000512
 0.000392
 0.000407
 0.000438
 0.000412
 0.000419
 0.000437
 0.000459
 0.000427
 0.000421
 0.000491
 0.000421
 0.000462
 0.000415
 0.000425
 0.000429
 0.000435
 0.000417
 0.000385
 0.000421
 0.000440
 0.000421
 0.000504
 0.000439
 0.000440
 0.000412
 0.000449
 0.000395
 0.000399
 0.000753
 0.000431
 0.000495
 0.000574
 0.000408
 0.000481
 0.000419
 0.000417
 0.000448
 0.000401
 0.000453
 0.000377
 0.000410
 0.000368
 0.000505
 0.000478
 0.000419
 0.000492
 0.000446
 0.000433
 0.000447
 0.000421
 0.000377
 0.000446
 0.000431
 0.000425
 0.000420
 0.000453
 0.000482
 0.000416
 0.000373
 0.000434
 0.000446
 0.000378
