 0.000500
 0.000584
 0.000583
 0.000547
 0.000586
 0.000544
 0.000585
 0.000520
 0.000575
 0.000530
 0.000510
 0.000612
 0.000541
 0.000623
 0.000674
 0.000578
 0.000627
 0.000576
 0.000620
 0.000609
 0.000588
 0.000546
 0.000601
 0.000743
 0.000607
 0.000585
 0.000548
 0.000554
 0.000596
 0.000506
 0.000564
 0.000592
 0.000598
 0.000546
 0.000550
 0.000585
 0.000590
 0.000634
 0.000648
 0.000604
 0.000580
 0.000589
 0.000603
 0.000599
 0.000563
 0.000574
 0.000588
 0.000619
 0.000606
 0.000550
 0.000669
 0.000620
 0.000550
 0.000642
 0.000589
 0.000535
 0.000556
 0.000623
 0.000571
 0.000608
 0.000607
 0.000592
 0.000594
 0.000539
 0.000572
 0.000560
 0.000535
 0.000557
 0.000617
 0.000732
 0.000725
 0.000527
 0.000652
 0.000541
 0.000584
 0.000567
 0.000574
 0.000593
 0.000559
 0.000556
 0.000551
 0.000668
 0.000592
 0.000552
 0.000650
 0.000559
 0.000590
 0.000577
 0.000542
 0.000550
 0.000629
 0.000602
 0.000486
 0.000577
 0.000614
 0.000596
 0.000536
 0.000496
 0.000562
 0.000641
 0.000509
