 0.000389
 0.000512
 0.000503
 0.000475
 0.000472
 0.000424
 0.000500
 0.000430
 0.000501
 0.000510
 0.000434
 0.000510
 0.000507
 0.000532
 0.000606
 0.000463
 0.000539
 0.000505
 0.000496
 0.000534
 0.000504
 0.000487
 0.000537
 0.000657
 0.000538
 0.000504
 0.000478
 0.000474
 0.000538
 0.000436
 0.000448
 0.000480
 0.000490
 0.000482
 0.000472
 0.000471
 0.000461
 0.000613
 0.000543
 0.000439
 0.000541
 0.000484
 0.000526
 0.000522
 0.000489
 0.000490
 0.000487
 0.000510
 0.000539
 0.000476
 0.000534
 0.000495
 0.000478
 0.000517
 0.000518
 0.000463
 0.000426
 0.000496
 0.000474
 0.000547
 0.000530
 0.000488
 0.000498
 0.000477
 0.000503
 0.000442
 0.000464
 0.000459
 0.000496
 0.000561
 0.000677
 0.000455
 0.000539
 0.000473
 0.000510
 0.000495
 0.000503
 0.000516
 0.000454
 0.000493
 0.000507
 0.000566
 0.000510
 0.000471
 0.000572
 0.000432
 0.000551
 0.000498
 0.000470
 0.000486
 0.000540
 0.000472
 0.000422
 0.000487
 0.000474
 0.000534
 0.000465
 0.000420
 0.000501
 0.000522
 0.000473
