 0.000269
 0.000346
 0.000300
 0.000307
 0.000311
 0.000310
 0.000344
 0.000299
 0.000350
 0.000297
 0.000302
 0.000335
 0.000310
 0.000332
 0.000380
 0.000317
 0.000351
 0.000342
 0.000342
 0.000410
 0.000384
 0.000363
 0.000363
 0.000405
 0.000297
 0.000342
 0.000305
 0.000310
 0.000309
 0.000309
 0.000305
 0.000321
 0.000308
 0.000302
 0.000316
 0.000307
 0.000292
 0.000295
 0.000379
 0.000313
 0.000299
 0.000360
 0.000328
 0.000356
 0.000382
 0.000323
 0.000358
 0.000362
 0.000378
 0.000323
 0.000343
 0.000306
 0.000302
 0.000346
 0.000379
 0.000359
 0.000297
 0.000303
 0.000352
 0.000358
 0.000370
 0.000319
 0.000336
 0.000347
 0.000323
 0.000354
 0.000323
 0.000366
 0.000325
 0.000421
 0.000453
 0.000297
 0.000389
 0.000349
 0.000350
 0.000341
 0.000341
 0.000348
 0.000295
 0.000364
 0.000296
 0.000428
 0.000353
 0.000370
 0.000375
 0.000341
 0.000319
 0.000335
 0.000316
 0.000303
 0.000384
 0.000314
 0.000295
 0.000356
 0.000345
 0.000427
 0.000368
 0.000341
 0.000377
 0.000342
 0.000295
