 0.000365
 0.000485
 0.000486
 0.000453
 0.000443
 0.000409
 0.000486
 0.000396
 0.000514
 0.000399
 0.000405
 0.000476
 0.000440
 0.000476
 0.000564
 0.000444
 0.000510
 0.000449
 0.000456
 0.000520
 0.000459
 0.000454
 0.000506
 0.000596
 0.000504
 0.000523
 0.000446
 0.000426
 0.000468
 0.000414
 0.000419
 0.000460
 0.000458
 0.000402
 0.000448
 0.000446
 0.000438
 0.000626
 0.000533
 0.000416
 0.000438
 0.000466
 0.000466
 0.000457
 0.000468
 0.000457
 0.000463
 0.000508
 0.000527
 0.000460
 0.000512
 0.000437
 0.000450
 0.000502
 0.000487
 0.000441
 0.000403
 0.000450
 0.000458
 0.000444
 0.000524
 0.000465
 0.000469
 0.000438
 0.000476
 0.000418
 0.000427
 0.000438
 0.000455
 0.000529
 0.000744
 0.000468
 0.000511
 0.000444
 0.000482
 0.000474
 0.000489
 0.000509
 0.000431
 0.000461
 0.000473
 0.000535
 0.000500
 0.000447
 0.000531
 0.000391
 0.000487
 0.000485
 0.000449
 0.000449
 0.000518
 0.000497
 0.000386
 0.000442
 0.000446
 0.000498
 0.000439
 0.000395
 0.000520
 0.000500
 0.000408
