 0.000296
 0.000365
 0.000325
 0.000331
 0.000345
 0.000343
 0.000372
 0.000331
 0.000374
 0.000324
 0.000327
 0.000363
 0.000370
 0.000371
 0.000429
 0.000349
 0.000439
 0.000379
 0.000366
 0.000470
 0.000358
 0.000403
 0.000438
 0.000453
 0.000373
 0.000367
 0.000383
 0.000337
 0.000375
 0.000334
 0.000415
 0.000348
 0.000392
 0.000333
 0.000343
 0.000381
 0.000383
 0.000318
 0.000399
 0.000331
 0.000374
 0.000395
 0.000360
 0.000366
 0.000383
 0.000358
 0.000361
 0.000373
 0.000401
 0.000389
 0.000368
 0.000337
 0.000329
 0.000376
 0.000392
 0.000371
 0.000325
 0.000381
 0.000379
 0.000377
 0.000388
 0.000353
 0.000361
 0.000376
 0.000353
 0.000385
 0.000347
 0.000705
 0.000389
 0.000419
 0.000475
 0.000328
 0.000447
 0.000384
 0.000372
 0.000430
 0.000352
 0.000408
 0.000321
 0.000355
 0.000320
 0.000454
 0.000387
 0.000360
 0.000396
 0.000321
 0.000367
 0.000423
 0.000365
 0.000333
 0.000396
 0.000349
 0.000322
 0.000351
 0.000322
 0.000427
 0.000350
 0.000323
 0.000392
 0.000373
 0.000319
