 0.000124
 0.000195
 0.000207
 0.000179
 0.000169
 0.000172
 0.000153
 0.000171
 0.000200
 0.000167
 0.000126
 0.000178
 0.000198
 0.000185
 0.000161
 0.000180
 0.000249
 0.000168
 0.000150
 0.000217
 0.000150
 0.000174
 0.000163
 0.000233
 0.000174
 0.000171
 0.000176
 0.000172
 0.000212
 0.000177
 0.000230
 0.000203
 0.000193
 0.000168
 0.000225
 0.000180
 0.000192
 0.000173
 0.000168
 0.000178
 0.000191
 0.000204
 0.000175
 0.000181
 0.000192
 0.000195
 0.000182
 0.000180
 0.000175
 0.000173
 0.000174
 0.000129
 0.000183
 0.000169
 0.000208
 0.000184
 0.000186
 0.000169
 0.000171
 0.000172
 0.000176
 0.000196
 0.000279
 0.000175
 0.000195
 0.000239
 0.000192
 0.000813
 0.000206
 0.000200
 0.000246
 0.000213
 0.000162
 0.000155
 0.000174
 0.000229
 0.000174
 0.000171
 0.000172
 0.000183
 0.000189
 0.000272
 0.000154
 0.000167
 0.000188
 0.000164
 0.000128
 0.000206
 0.000171
 0.000174
 0.000170
 0.000180
 0.000154
 0.000173
 0.000223
 0.000233
 0.000149
 0.000209
 0.000171
 0.000237
 0.000171
