 0.000317
 0.000397
 0.000392
 0.000358
 0.000377
 0.000360
 0.000385
 0.000349
 0.000397
 0.000350
 0.000355
 0.000387
 0.000391
 0.000395
 0.000425
 0.000386
 0.000457
 0.000405
 0.000396
 0.000489
 0.000396
 0.000398
 0.000442
 0.000482
 0.000517
 0.000385
 0.000395
 0.000358
 0.000405
 0.000365
 0.000362
 0.000400
 0.000410
 0.000357
 0.000375
 0.000413
 0.000389
 0.000445
 0.000476
 0.000369
 0.000380
 0.000444
 0.000386
 0.000393
 0.000452
 0.000391
 0.000408
 0.000397
 0.000422
 0.000401
 0.000396
 0.000369
 0.000427
 0.000406
 0.000413
 0.000390
 0.000419
 0.000352
 0.000409
 0.000399
 0.000489
 0.000396
 0.000428
 0.000395
 0.000381
 0.000380
 0.000382
 0.000741
 0.000392
 0.000487
 0.000540
 0.000356
 0.000462
 0.000413
 0.000394
 0.000422
 0.000432
 0.000405
 0.000349
 0.000382
 0.000344
 0.000483
 0.000404
 0.000394
 0.000415
 0.000347
 0.000391
 0.000427
 0.000394
 0.000351
 0.000421
 0.000398
 0.000342
 0.000395
 0.000367
 0.000451
 0.000400
 0.000347
 0.000403
 0.000402
 0.000350
