 0.000453
 0.000576
 0.000565
 0.000547
 0.000584
 0.000487
 0.000576
 0.000517
 0.000582
 0.000524
 0.000499
 0.000578
 0.000534
 0.000614
 0.000643
 0.000549
 0.000626
 0.000619
 0.000564
 0.000602
 0.000579
 0.000538
 0.000592
 0.000709
 0.000598
 0.000573
 0.000536
 0.000583
 0.000587
 0.000553
 0.000556
 0.000572
 0.000582
 0.000491
 0.000547
 0.000576
 0.000530
 0.000607
 0.000635
 0.000551
 0.000627
 0.000582
 0.000580
 0.000612
 0.000556
 0.000574
 0.000576
 0.000575
 0.000604
 0.000542
 0.000594
 0.000558
 0.000541
 0.000618
 0.000539
 0.000574
 0.000543
 0.000592
 0.000540
 0.000601
 0.000598
 0.000563
 0.000586
 0.000532
 0.000570
 0.000618
 0.000526
 0.000550
 0.000604
 0.000745
 0.000793
 0.000519
 0.000645
 0.000532
 0.000588
 0.000559
 0.000565
 0.000585
 0.000562
 0.000548
 0.000538
 0.000662
 0.000586
 0.000531
 0.000607
 0.000490
 0.000594
 0.000568
 0.000535
 0.000536
 0.000602
 0.000582
 0.000486
 0.000567
 0.000537
 0.000590
 0.000547
 0.000488
 0.000548
 0.000658
 0.000501
