 0.000408
 0.000532
 0.000582
 0.000492
 0.000523
 0.000440
 0.000521
 0.000438
 0.000530
 0.000483
 0.000455
 0.000526
 0.000497
 0.000568
 0.000595
 0.000493
 0.000561
 0.000525
 0.000513
 0.000556
 0.000553
 0.000490
 0.000545
 0.000617
 0.000553
 0.000531
 0.000486
 0.000506
 0.000541
 0.000449
 0.000513
 0.000541
 0.000584
 0.000446
 0.000495
 0.000531
 0.000482
 0.000520
 0.000582
 0.000530
 0.000570
 0.000500
 0.000531
 0.000531
 0.000507
 0.000518
 0.000512
 0.000543
 0.000551
 0.000493
 0.000546
 0.000513
 0.000496
 0.000538
 0.000489
 0.000480
 0.000450
 0.000579
 0.000494
 0.000558
 0.000551
 0.000501
 0.000510
 0.000483
 0.000549
 0.000580
 0.000487
 0.000505
 0.000531
 0.000593
 0.000852
 0.000579
 0.000630
 0.000492
 0.000567
 0.000516
 0.000527
 0.000540
 0.000477
 0.000500
 0.000518
 0.000573
 0.000639
 0.000535
 0.000640
 0.000436
 0.000520
 0.000526
 0.000492
 0.000493
 0.000555
 0.000549
 0.000429
 0.000507
 0.000495
 0.000550
 0.000488
 0.000435
 0.000507
 0.000540
 0.000450
