 0.000273
 0.000306
 0.000281
 0.000293
 0.000293
 0.000295
 0.000345
 0.000279
 0.000349
 0.000284
 0.000283
 0.000341
 0.000287
 0.000312
 0.000362
 0.000299
 0.000320
 0.000286
 0.000280
 0.000387
 0.000343
 0.000310
 0.000317
 0.000388
 0.000332
 0.000302
 0.000287
 0.000283
 0.000293
 0.000339
 0.000286
 0.000302
 0.000294
 0.000294
 0.000333
 0.000292
 0.000329
 0.000322
 0.000361
 0.000287
 0.000285
 0.000306
 0.000313
 0.000293
 0.000347
 0.000302
 0.000315
 0.000308
 0.000369
 0.000357
 0.000347
 0.000280
 0.000280
 0.000350
 0.000336
 0.000282
 0.000281
 0.000287
 0.000393
 0.000349
 0.000358
 0.000303
 0.000316
 0.000321
 0.000304
 0.000305
 0.000350
 0.000801
 0.000304
 0.000375
 0.000424
 0.000281
 0.000412
 0.000285
 0.000345
 0.000290
 0.000269
 0.000343
 0.000278
 0.000336
 0.000279
 0.000424
 0.000365
 0.000349
 0.000373
 0.000308
 0.000355
 0.000318
 0.000350
 0.000279
 0.000372
 0.000294
 0.000280
 0.000307
 0.000284
 0.000388
 0.000302
 0.000278
 0.000332
 0.000324
 0.000284
