 0.000442
 0.000617
 0.000562
 0.000531
 0.000569
 0.000481
 0.000568
 0.000554
 0.000589
 0.000510
 0.000498
 0.000557
 0.000525
 0.000602
 0.000631
 0.000544
 0.000606
 0.000564
 0.000556
 0.000591
 0.000569
 0.000531
 0.000587
 0.000691
 0.000590
 0.000564
 0.000528
 0.000538
 0.000612
 0.000489
 0.000558
 0.000568
 0.000568
 0.000556
 0.000534
 0.000587
 0.000523
 0.000573
 0.000631
 0.000559
 0.000583
 0.000573
 0.000636
 0.000564
 0.000548
 0.000566
 0.000563
 0.000567
 0.000593
 0.000541
 0.000634
 0.000554
 0.000533
 0.000610
 0.000539
 0.000529
 0.000482
 0.000597
 0.000604
 0.000590
 0.000590
 0.000607
 0.000604
 0.000567
 0.000558
 0.000550
 0.000518
 0.000543
 0.000570
 0.000738
 0.000801
 0.000510
 0.000674
 0.000531
 0.000566
 0.000551
 0.000567
 0.000577
 0.000542
 0.000540
 0.000543
 0.000633
 0.000602
 0.000526
 0.000589
 0.000597
 0.000563
 0.000568
 0.000525
 0.000532
 0.000660
 0.000587
 0.000480
 0.000554
 0.000530
 0.000579
 0.000520
 0.000490
 0.000540
 0.000620
 0.000493
