 0.000401
 0.000523
 0.000510
 0.000490
 0.000522
 0.000438
 0.000525
 0.000486
 0.000513
 0.000433
 0.000452
 0.000506
 0.000473
 0.000525
 0.000577
 0.000488
 0.000545
 0.000511
 0.000512
 0.000541
 0.000535
 0.000482
 0.000534
 0.000605
 0.000546
 0.000513
 0.000482
 0.000489
 0.000530
 0.000440
 0.000452
 0.000510
 0.000536
 0.000436
 0.000483
 0.000529
 0.000469
 0.000499
 0.000549
 0.000509
 0.000540
 0.000495
 0.000531
 0.000512
 0.000501
 0.000538
 0.000507
 0.000515
 0.000549
 0.000480
 0.000531
 0.000504
 0.000481
 0.000534
 0.000490
 0.000508
 0.000438
 0.000543
 0.000482
 0.000543
 0.000543
 0.000531
 0.000503
 0.000484
 0.000504
 0.000510
 0.000472
 0.000515
 0.000497
 0.000574
 0.000616
 0.000471
 0.000544
 0.000474
 0.000526
 0.000505
 0.000504
 0.000531
 0.000462
 0.000491
 0.000631
 0.000567
 0.000523
 0.000472
 0.000542
 0.000445
 0.000574
 0.000510
 0.000477
 0.000452
 0.000543
 0.000536
 0.000425
 0.000485
 0.000483
 0.000530
 0.000478
 0.000426
 0.000487
 0.000531
 0.000443
