 0.000301
 0.000377
 0.000439
 0.000340
 0.000353
 0.000340
 0.000368
 0.000332
 0.000381
 0.000330
 0.000335
 0.000370
 0.000376
 0.000415
 0.000417
 0.000357
 0.000408
 0.000406
 0.000377
 0.000470
 0.000380
 0.000389
 0.000473
 0.000444
 0.000380
 0.000422
 0.000412
 0.000345
 0.000384
 0.000339
 0.000335
 0.000354
 0.000358
 0.000339
 0.000357
 0.000386
 0.000385
 0.000337
 0.000413
 0.000341
 0.000407
 0.000389
 0.000373
 0.000372
 0.000410
 0.000417
 0.000400
 0.000380
 0.000410
 0.000379
 0.000379
 0.000401
 0.000334
 0.000387
 0.000378
 0.000384
 0.000338
 0.000337
 0.000419
 0.000381
 0.000401
 0.000400
 0.000373
 0.000368
 0.000373
 0.000350
 0.000362
 0.000693
 0.000366
 0.000467
 0.000475
 0.000338
 0.000430
 0.000374
 0.000377
 0.000392
 0.000363
 0.000384
 0.000335
 0.000361
 0.000364
 0.000464
 0.000384
 0.000366
 0.000404
 0.000328
 0.000378
 0.000423
 0.000373
 0.000329
 0.000403
 0.000407
 0.000324
 0.000376
 0.000350
 0.000443
 0.000390
 0.000331
 0.000386
 0.000381
 0.000335
