 0.000228
 0.000246
 0.000236
 0.000253
 0.000242
 0.000256
 0.000245
 0.000247
 0.000246
 0.000238
 0.000239
 0.000248
 0.000242
 0.000270
 0.000268
 0.000252
 0.000280
 0.000242
 0.000239
 0.000302
 0.000237
 0.000242
 0.000285
 0.000383
 0.000246
 0.000251
 0.000249
 0.000236
 0.000246
 0.000242
 0.000250
 0.000253
 0.000252
 0.000244
 0.000264
 0.000249
 0.000244
 0.000241
 0.000251
 0.000246
 0.000254
 0.000262
 0.000238
 0.000247
 0.000265
 0.000253
 0.000259
 0.000242
 0.000239
 0.000238
 0.000297
 0.000277
 0.000247
 0.000241
 0.000249
 0.000247
 0.000250
 0.000247
 0.000254
 0.000243
 0.000270
 0.000254
 0.000283
 0.000248
 0.000266
 0.000250
 0.000273
 0.000668
 0.000266
 0.000298
 0.000358
 0.000243
 0.000274
 0.000254
 0.000294
 0.000254
 0.000226
 0.000254
 0.000239
 0.000239
 0.000249
 0.000374
 0.000326
 0.000238
 0.000239
 0.000236
 0.000244
 0.000281
 0.000238
 0.000235
 0.000238
 0.000253
 0.000235
 0.000264
 0.000242
 0.000303
 0.000232
 0.000239
 0.000247
 0.000287
 0.000244
