 0.000385
 0.000511
 0.000496
 0.000463
 0.000471
 0.000455
 0.000504
 0.000413
 0.000545
 0.000415
 0.000433
 0.000493
 0.000464
 0.000509
 0.000577
 0.000468
 0.000525
 0.000494
 0.000496
 0.000526
 0.000499
 0.000466
 0.000514
 0.000578
 0.000521
 0.000497
 0.000462
 0.000482
 0.000521
 0.000425
 0.000440
 0.000472
 0.000486
 0.000422
 0.000475
 0.000533
 0.000458
 0.000547
 0.000529
 0.000434
 0.000502
 0.000481
 0.000540
 0.000514
 0.000492
 0.000477
 0.000478
 0.000499
 0.000538
 0.000529
 0.000523
 0.000468
 0.000474
 0.000515
 0.000464
 0.000502
 0.000420
 0.000533
 0.000471
 0.000480
 0.000522
 0.000481
 0.000492
 0.000459
 0.000487
 0.000510
 0.000447
 0.000453
 0.000473
 0.000576
 0.000612
 0.000448
 0.000530
 0.000500
 0.000511
 0.000490
 0.000509
 0.000522
 0.000445
 0.000473
 0.000492
 0.000547
 0.000498
 0.000510
 0.000533
 0.000408
 0.000503
 0.000493
 0.000469
 0.000486
 0.000538
 0.000536
 0.000413
 0.000464
 0.000460
 0.000516
 0.000455
 0.000410
 0.000473
 0.000524
 0.000433
