 0.000310
 0.000386
 0.000386
 0.000350
 0.000367
 0.000376
 0.000377
 0.000340
 0.000391
 0.000343
 0.000351
 0.000377
 0.000385
 0.000440
 0.000416
 0.000364
 0.000417
 0.000385
 0.000384
 0.000448
 0.000399
 0.000397
 0.000446
 0.000507
 0.000391
 0.000464
 0.000382
 0.000351
 0.000398
 0.000353
 0.000403
 0.000411
 0.000407
 0.000344
 0.000366
 0.000394
 0.000379
 0.000356
 0.000419
 0.000364
 0.000375
 0.000405
 0.000382
 0.000392
 0.000403
 0.000377
 0.000380
 0.000385
 0.000411
 0.000392
 0.000397
 0.000403
 0.000356
 0.000395
 0.000411
 0.000384
 0.000340
 0.000348
 0.000381
 0.000386
 0.000411
 0.000361
 0.000393
 0.000401
 0.000407
 0.000357
 0.000365
 0.000388
 0.000372
 0.000505
 0.000505
 0.000342
 0.000438
 0.000383
 0.000390
 0.000440
 0.000367
 0.000452
 0.000341
 0.000374
 0.000337
 0.000476
 0.000391
 0.000388
 0.000408
 0.000347
 0.000414
 0.000449
 0.000385
 0.000345
 0.000414
 0.000391
 0.000329
 0.000398
 0.000351
 0.000457
 0.000381
 0.000339
 0.000408
 0.000442
 0.000340
