 0.000481
 0.000609
 0.000616
 0.000599
 0.000622
 0.000571
 0.000609
 0.000541
 0.000613
 0.000549
 0.000546
 0.000598
 0.000623
 0.000658
 0.000669
 0.000645
 0.000654
 0.000602
 0.000656
 0.000634
 0.000639
 0.000613
 0.000628
 0.000723
 0.000632
 0.000604
 0.000569
 0.000587
 0.000620
 0.000530
 0.000592
 0.000628
 0.000624
 0.000525
 0.000576
 0.000612
 0.000561
 0.000544
 0.000667
 0.000581
 0.000607
 0.000623
 0.000620
 0.000624
 0.000587
 0.000603
 0.000614
 0.000607
 0.000632
 0.000613
 0.000683
 0.000592
 0.000574
 0.000652
 0.000579
 0.000592
 0.000578
 0.000639
 0.000621
 0.000633
 0.000630
 0.000578
 0.000619
 0.000604
 0.000596
 0.000601
 0.000569
 0.000619
 0.000657
 0.000691
 0.000780
 0.000550
 0.000686
 0.000565
 0.000608
 0.000587
 0.000598
 0.000634
 0.000624
 0.000597
 0.000616
 0.000707
 0.000627
 0.000567
 0.000629
 0.000575
 0.000610
 0.000632
 0.000565
 0.000569
 0.000670
 0.000618
 0.000512
 0.000600
 0.000603
 0.000630
 0.000560
 0.000520
 0.000586
 0.000674
 0.000534
