 0.000266
 0.000342
 0.000293
 0.000295
 0.000304
 0.000301
 0.000294
 0.000295
 0.000316
 0.000289
 0.000295
 0.000322
 0.000355
 0.000323
 0.000354
 0.000309
 0.000331
 0.000298
 0.000290
 0.000398
 0.000344
 0.000359
 0.000327
 0.000461
 0.000367
 0.000339
 0.000294
 0.000291
 0.000379
 0.000299
 0.000293
 0.000313
 0.000355
 0.000295
 0.000320
 0.000342
 0.000374
 0.000287
 0.000387
 0.000348
 0.000293
 0.000307
 0.000355
 0.000295
 0.000400
 0.000316
 0.000335
 0.000316
 0.000378
 0.000357
 0.000339
 0.000302
 0.000291
 0.000347
 0.000378
 0.000352
 0.000289
 0.000296
 0.000335
 0.000344
 0.000353
 0.000309
 0.000335
 0.000364
 0.000313
 0.000309
 0.000314
 0.000340
 0.000313
 0.000355
 0.000398
 0.000288
 0.000372
 0.000302
 0.000336
 0.000309
 0.000274
 0.000345
 0.000291
 0.000335
 0.000288
 0.000426
 0.000351
 0.000338
 0.000317
 0.000286
 0.000291
 0.000324
 0.000311
 0.000289
 0.000364
 0.000301
 0.000292
 0.000325
 0.000320
 0.000345
 0.000331
 0.000289
 0.000292
 0.000338
 0.000293
