 0.000368
 0.000485
 0.000469
 0.000399
 0.000465
 0.000391
 0.000463
 0.000388
 0.000470
 0.000387
 0.000398
 0.000467
 0.000435
 0.000463
 0.000563
 0.000425
 0.000492
 0.000465
 0.000436
 0.000518
 0.000436
 0.000444
 0.000489
 0.000562
 0.000492
 0.000480
 0.000434
 0.000465
 0.000503
 0.000401
 0.000422
 0.000445
 0.000447
 0.000402
 0.000440
 0.000439
 0.000430
 0.000459
 0.000503
 0.000407
 0.000428
 0.000450
 0.000510
 0.000435
 0.000454
 0.000438
 0.000455
 0.000436
 0.000527
 0.000458
 0.000502
 0.000435
 0.000456
 0.000511
 0.000447
 0.000433
 0.000394
 0.000492
 0.000442
 0.000511
 0.000493
 0.000456
 0.000465
 0.000433
 0.000468
 0.000415
 0.000418
 0.000430
 0.000445
 0.000524
 0.000590
 0.000593
 0.000494
 0.000438
 0.000484
 0.000469
 0.000471
 0.000483
 0.000403
 0.000475
 0.000500
 0.000521
 0.000480
 0.000476
 0.000451
 0.000414
 0.000473
 0.000464
 0.000437
 0.000394
 0.000484
 0.000448
 0.000385
 0.000451
 0.000468
 0.000494
 0.000433
 0.000437
 0.000448
 0.000493
 0.000396
