 0.000420
 0.000544
 0.000532
 0.000505
 0.000526
 0.000458
 0.000542
 0.000454
 0.000556
 0.000460
 0.000515
 0.000537
 0.000503
 0.000555
 0.000600
 0.000510
 0.000587
 0.000536
 0.000541
 0.000622
 0.000568
 0.000507
 0.000561
 0.000641
 0.000565
 0.000544
 0.000506
 0.000517
 0.000559
 0.000465
 0.000550
 0.000540
 0.000541
 0.000459
 0.000514
 0.000560
 0.000494
 0.000522
 0.000612
 0.000518
 0.000541
 0.000552
 0.000563
 0.000539
 0.000525
 0.000535
 0.000532
 0.000542
 0.000567
 0.000508
 0.000561
 0.000530
 0.000512
 0.000568
 0.000516
 0.000535
 0.000544
 0.000561
 0.000509
 0.000564
 0.000571
 0.000561
 0.000535
 0.000499
 0.000531
 0.000561
 0.000549
 0.000520
 0.000534
 0.000605
 0.000657
 0.000487
 0.000591
 0.000512
 0.000542
 0.000525
 0.000533
 0.000593
 0.000540
 0.000522
 0.000513
 0.000589
 0.000542
 0.000502
 0.000597
 0.000467
 0.000567
 0.000537
 0.000501
 0.000509
 0.000570
 0.000558
 0.000467
 0.000529
 0.000508
 0.000554
 0.000555
 0.000452
 0.000523
 0.000559
 0.000468
