 0.000412
 0.000550
 0.000527
 0.000501
 0.000548
 0.000450
 0.000532
 0.000448
 0.000526
 0.000456
 0.000464
 0.000524
 0.000491
 0.000548
 0.000598
 0.000498
 0.000569
 0.000529
 0.000521
 0.000559
 0.000536
 0.000504
 0.000553
 0.000623
 0.000564
 0.000532
 0.000515
 0.000504
 0.000547
 0.000460
 0.000475
 0.000565
 0.000536
 0.000571
 0.000499
 0.000535
 0.000484
 0.000509
 0.000566
 0.000523
 0.000557
 0.000557
 0.000589
 0.000545
 0.000516
 0.000522
 0.000526
 0.000534
 0.000566
 0.000513
 0.000551
 0.000555
 0.000499
 0.000597
 0.000546
 0.000492
 0.000452
 0.000545
 0.000499
 0.000555
 0.000558
 0.000512
 0.000519
 0.000492
 0.000521
 0.000523
 0.000494
 0.000512
 0.000564
 0.000596
 0.000643
 0.000489
 0.000562
 0.000491
 0.000538
 0.000557
 0.000525
 0.000545
 0.000478
 0.000510
 0.000510
 0.000726
 0.000572
 0.000500
 0.000559
 0.000449
 0.000528
 0.000524
 0.000494
 0.000503
 0.000564
 0.000559
 0.000453
 0.000512
 0.000501
 0.000547
 0.000527
 0.000458
 0.000508
 0.000592
 0.000457
