 0.000432
 0.000566
 0.000561
 0.000517
 0.000555
 0.000466
 0.000549
 0.000471
 0.000561
 0.000475
 0.000475
 0.000540
 0.000514
 0.000578
 0.000618
 0.000517
 0.000621
 0.000545
 0.000540
 0.000585
 0.000561
 0.000515
 0.000571
 0.000669
 0.000580
 0.000548
 0.000510
 0.000521
 0.000568
 0.000476
 0.000489
 0.000586
 0.000566
 0.000468
 0.000517
 0.000577
 0.000500
 0.000601
 0.000607
 0.000520
 0.000600
 0.000555
 0.000635
 0.000550
 0.000531
 0.000550
 0.000544
 0.000549
 0.000573
 0.000515
 0.000572
 0.000536
 0.000517
 0.000591
 0.000514
 0.000546
 0.000468
 0.000563
 0.000566
 0.000584
 0.000573
 0.000532
 0.000536
 0.000512
 0.000542
 0.000536
 0.000503
 0.000644
 0.000595
 0.000611
 0.000693
 0.000495
 0.000627
 0.000516
 0.000637
 0.000535
 0.000546
 0.000562
 0.000507
 0.000525
 0.000527
 0.000665
 0.000555
 0.000504
 0.000614
 0.000465
 0.000544
 0.000553
 0.000509
 0.000510
 0.000628
 0.000570
 0.000457
 0.000531
 0.000515
 0.000569
 0.000510
 0.000462
 0.000549
 0.000629
 0.000475
