 0.000339
 0.000490
 0.000464
 0.000375
 0.000395
 0.000369
 0.000400
 0.000364
 0.000443
 0.000364
 0.000378
 0.000452
 0.000412
 0.000428
 0.000453
 0.000394
 0.000458
 0.000419
 0.000458
 0.000470
 0.000412
 0.000414
 0.000474
 0.000543
 0.000425
 0.000447
 0.000414
 0.000426
 0.000465
 0.000378
 0.000389
 0.000419
 0.000429
 0.000375
 0.000391
 0.000413
 0.000410
 0.000537
 0.000515
 0.000388
 0.000403
 0.000427
 0.000402
 0.000413
 0.000460
 0.000426
 0.000437
 0.000412
 0.000438
 0.000430
 0.000427
 0.000408
 0.000392
 0.000420
 0.000414
 0.000410
 0.000370
 0.000430
 0.000411
 0.000414
 0.000454
 0.000403
 0.000469
 0.000410
 0.000439
 0.000388
 0.000396
 0.000412
 0.000414
 0.000524
 0.000556
 0.000423
 0.000462
 0.000409
 0.000487
 0.000444
 0.000469
 0.000488
 0.000365
 0.000404
 0.000360
 0.000507
 0.000465
 0.000407
 0.000435
 0.000364
 0.000432
 0.000446
 0.000411
 0.000371
 0.000436
 0.000417
 0.000390
 0.000436
 0.000385
 0.000469
 0.000439
 0.000364
 0.000422
 0.000486
 0.000367
