 0.000435
 0.000561
 0.000549
 0.000569
 0.000556
 0.000474
 0.000561
 0.000512
 0.000550
 0.000492
 0.000482
 0.000550
 0.000529
 0.000589
 0.000623
 0.000530
 0.000647
 0.000554
 0.000549
 0.000583
 0.000560
 0.000523
 0.000577
 0.000652
 0.000589
 0.000561
 0.000531
 0.000536
 0.000571
 0.000482
 0.000513
 0.000595
 0.000569
 0.000478
 0.000530
 0.000558
 0.000526
 0.000520
 0.000678
 0.000543
 0.000625
 0.000574
 0.000565
 0.000556
 0.000571
 0.000599
 0.000557
 0.000558
 0.000582
 0.000527
 0.000577
 0.000586
 0.000528
 0.000616
 0.000540
 0.000513
 0.000479
 0.000582
 0.000524
 0.000587
 0.000582
 0.000530
 0.000589
 0.000516
 0.000545
 0.000533
 0.000512
 0.000656
 0.000568
 0.000621
 0.000721
 0.000503
 0.000638
 0.000515
 0.000559
 0.000545
 0.000555
 0.000570
 0.000570
 0.000566
 0.000544
 0.000665
 0.000557
 0.000539
 0.000583
 0.000479
 0.000565
 0.000551
 0.000518
 0.000526
 0.000586
 0.000576
 0.000471
 0.000539
 0.000606
 0.000571
 0.000512
 0.000475
 0.000535
 0.000595
 0.000485
